9
58 94 12 32 82 13 58 38 8 
27
73 75 35 43 60 34 4 98 68 18 96 17 44 44 16 82 50 25 45 67 51 7 21 54 48 45 32 
20
9 91 97 32 44 75 50 32 75 80 69 89 57 52 96 57 37 29 13 45 
30
37 93 51 67 68 38 38 42 95 100 67 56 92 55 75 65 10 88 33 82 59 22 51 43 86 88 9 90 9 96 
3
56 93 82 
35
16 2 55 39 40 65 55 16 15 3 26 69 75 34 60 58 24 43 96 62 79 50 36 77 79 2 94 42 1 82 97 37 39 86 43 
6
94 87 57 87 43 98 
41
64 57 45 82 36 81 85 100 20 98 22 21 87 80 38 15 20 80 12 49 84 100 35 64 46 86 84 5 17 3 61 62 78 14 33 94 27 88 92 93 16 
8
71 49 60 63 72 6 93 8 
13
98 48 18 63 16 81 26 26 100 64 2 62 28 
